Vxlan1 is up, line protocol is up (connected)
  Hardware is Vxlan
  Source interface is Loopback1 and is active with 10.11.14.24
  Virtual vtep address is 10.11.14.254
  Replication/Flood Mode is headend with Flood List Source: VCS
  Remote MAC learning via VCS
  VNI mapping to VLANs
  Static VLAN to VNI mapping is 
    [1, 10001]        [7, 10007]        [8, 10008]        [10, 10010]      
    [11, 10011]       [12, 10012]       [13, 10013]       [15, 10015]      
    [16, 10016]       [17, 10017]       [18, 10018]       [20, 10020]      
    [21, 10021]       [29, 10029]       [30, 10030]       [40, 10040]      
    [41, 10041]       [42, 10042]       [43, 10043]       [44, 10044]      
    [45, 10045]       [46, 10046]       [48, 10048]       [50, 10050]      
    [53, 10053]       [60, 10060]       [61, 10061]       [62, 10062]      
    [80, 10080]       [82, 10082]       [85, 10085]       [90, 10090]      
    [96, 10096]       [99, 10099]       [100, 10100]      [101, 10101]     
    [102, 10102]      [103, 10103]      [104, 10104]      [105, 10105]     
    [106, 10106]      [125, 10125]      [127, 10127]      [128, 10128]     
    [129, 10129]      [130, 10130]      [131, 10131]      [132, 10132]     
    [133, 10133]      [134, 10134]      [135, 10135]      [136, 10136]     
    [137, 10137]      [138, 10138]      [140, 10140]      [149, 10149]     
    [151, 10151]      [191, 10191]      [192, 10192]      [193, 10193]     
    [194, 10194]      [195, 10195]      [196, 10196]      [197, 10197]     
    [198, 10198]      [199, 10199]      [200, 10200]      [201, 10201]     
    [202, 10202]      [222, 10222]      [223, 10223]      [224, 10224]     
    [225, 10225]      [226, 10226]      [227, 10227]      [238, 10238]     
    [239, 10239]      [240, 10240]      [241, 10241]      [242, 10242]     
    [243, 10243]      [244, 10244]      [245, 10245]      [246, 10246]     
    [247, 10247]      [248, 10248]      [249, 10249]      [250, 10250]     
    [251, 10251]      [252, 10252]      [253, 10253]      [254, 10254]     
    [255, 10255]      [256, 10256]      [257, 10257]      [258, 10258]     
    [259, 10259]      [260, 10260]      [261, 10261]      [262, 10262]     
    [263, 10263]      [300, 10300]      [301, 10301]      [400, 10400]     
    [401, 10401]      [402, 10402]      [403, 10403]      [404, 10404]     
    [405, 10405]      [406, 10406]      [407, 10407]      [408, 10408]     
    [409, 10409]      [410, 10410]      [601, 10601]      [602, 10602]     
    [603, 10603]      [604, 10604]      [605, 10605]      [606, 10606]     
    [607, 10607]      [1000, 11000]     [1110, 11110]     [1111, 1111]     
    [1193, 11193]     [2004, 12004]     [2006, 12006]     [2008, 12008]    
    [2010, 12010]     [2012, 12012]     [2013, 12013]     [2014, 12014]    
    [2016, 12016]     [2018, 12018]     [2020, 12020]     [2024, 12024]    
    [2028, 12028]     [2064, 12064]     [2068, 12068]     [2070, 12070]    
    [2072, 12072]     [2075, 12075]     [2078, 12078]     [2079, 12079]    
    [2099, 12099]     [2199, 12199]     [2380, 12380]     [2382, 12382]    
   
  Note: All Dynamic VLANs used by VCS are internal VLANs.
        Use 'show vxlan vni' for details.
  Static VRF to VNI mapping is not configured
  MLAG Shared Router MAC is 0000.0000.0000
  VTEP address mask is None
  Remote MAC learning from Vxlan Controller Service enabled in VLAN(s): 1,7-8,10-13,15-18,20-21,29-30,40-46,48,50,53,60-62,80,82,85,90,96,99-106,125,127-138,140,149,151,191-202,222-227,238-263,300-301,400-410,601-607,1000,1110-1111,1193,2004,2006,2008,2010,2012-2014,2016,2018,2020,2024,2028,2064,2068,2070,2072,2075,2078-2079,2099,2199,2380,2382